62
33
86
58
66
50
1
01
21
73
72
92
37
15
50
22
31
39
79
1
89
01
17
65
60
7
24
3
77
1
91
21
87
31
06
5
11
20
26
22
80
0
27
98
66
29
87
26
66
05
66
68
56
00
87
77
93
76
33
01
25
76
9
34
5
66
19
69
97
91
13
19
4
21
4
67
1
54
62
26
06
57
26
57
08
08
58
03
23
94
89
37
80
10
06
29
05
05
2
62
13
22
37
2
34
66
19
92
83
2
06
6
25
13
12
68
03
74
06
74
60
83
72
38
76
32
28
00
78
72
60
72
39
53
82
9
20
08
69
35
24
2
99
14
23
80
00
99
06
78
15
17
18
33
00
1
82
58
36
66
01
1
17
15
37
84
37
67
22
73
0
8
62
16
23
85
10
92
12
14
20
04
78
4
62
6
06
65
62
68
98
98
24
30
39
12
15
91
36
25
08
33
71
92
13
70
51
08
37
64
57
1
10
93
76
00
54
96
66
6
59
9
55
23
33
98
50
23
13
51
70
50
4
7
90
62
64
11
52
58
51
34
35
62
7
05
90
13
4
5
24
68
17
57
92
93
58
60
64
91
22
22
76
9
01
68
56
0
94
15
00
63
32
95
66
90
16
7
14
72
26
83
97
55
544
36
84
82
34
91
81
90
79
70
24
62
91
5
07
59

