28
99
42
14
22
16
7
67
87
39
38
58
93
71
16
88
97
95
35
7
45
67
73
21
26
3
80
9
33
7
57
87
43
97
62
1
77
86
82
88
46
6
83
54
22
85
43
82
22
61
22
24
12
66
43
33
59
32
99
67
81
32
5
90
1
22
75
25
53
57
79
75
0
87
0
23
7
10
28
82
62
13
82
13
64
64
14
69
89
50
45
93
46
76
62
85
61
61
8
28
79
88
93
8
90
22
75
58
49
8
62
2
81
79
78
24
69
30
62
30
26
49
38
94
32
98
84
66
34
38
26
38
95
19
48
5
86
64
25
91
80
8
55
70
89
46
66
55
62
34
71
73
74
99
66
7
48
14
92
22
67
7
73
71
93
40
93
23
88
39
6
4
28
72
89
41
76
58
78
70
86
60
34
0
28
2
62
21
28
24
54
54
80
96
95
78
71
57
92
81
64
99
37
58
79
36
17
64
93
20
13
7
76
59
32
66
10
52
22
2
15
5
11
89
99
54
16
89
79
17
36
16
0
3
56
28
20
77
18
14
17
90
91
28
3
61
56
79
0
1
80
24
73
13
58
59
14
26
20
57
88
88
32
5
67
24
12
6
50
71
66
29
98
51
22
56
72
3
70
38
82
49
53
11
100
92
40
48
90
57
47
56
35
36
80
28
57
1
63
15
